s = [40     30     60     20      5     45     15;
15     50     25     30     70     30     50;
45     20     15     50     25     25     35];

s = s';